Hidden Layer Size = (300, 200, 100, 10) 
             precision    recall  f1-score   support

          0       0.98      0.98      0.98       980
          1       0.99      0.99      0.99      1135
          2       0.96      0.97      0.96      1032
          3       0.93      0.96      0.95      1010
          4       0.97      0.95      0.96       982
          5       0.96      0.96      0.96       892
          6       0.98      0.96      0.97       958
          7       0.92      0.98      0.95      1028
          8       0.98      0.92      0.95       974
          9       0.94      0.94      0.94      1009

avg / total       0.96      0.96      0.96     10000

Hidden Layer Size = (400, 300, 200, 100, 10) 
             precision    recall  f1-score   support

          0       0.97      0.98      0.97       980
          1       0.99      0.99      0.99      1135
          2       0.96      0.95      0.95      1032
          3       0.94      0.93      0.94      1010
          4       0.93      0.96      0.95       982
          5       0.94      0.93      0.94       892
          6       0.94      0.96      0.95       958
          7       0.97      0.91      0.94      1028
          8       0.94      0.91      0.93       974
          9       0.88      0.93      0.91      1009

avg / total       0.95      0.95      0.95     10000

Hidden Layer Size = (400, 200, 100, 10) 
             precision    recall  f1-score   support

          0       0.97      0.98      0.98       980
          1       0.98      0.98      0.98      1135
          2       0.97      0.94      0.96      1032
          3       0.92      0.97      0.94      1010
          4       0.96      0.96      0.96       982
          5       0.94      0.94      0.94       892
          6       0.98      0.96      0.97       958
          7       0.98      0.92      0.95      1028
          8       0.94      0.96      0.95       974
          9       0.92      0.95      0.93      1009

avg / total       0.96      0.96      0.96     10000

Hidden Layer Size = (400, 300, 100, 10) 
             precision    recall  f1-score   support

          0       0.97      0.98      0.98       980
          1       0.99      0.98      0.98      1135
          2       0.95      0.96      0.95      1032
          3       0.92      0.97      0.94      1010
          4       0.95      0.97      0.96       982
          5       0.98      0.90      0.94       892
          6       0.97      0.97      0.97       958
          7       0.97      0.94      0.96      1028
          8       0.91      0.95      0.93       974
          9       0.94      0.93      0.94      1009

avg / total       0.96      0.96      0.96     10000

